5.56374 -0.271458 1.68493 1.71294 -1.89127 -2.41366 -0.543818 -2.59508 -1.16494 -0.581922 -0.219393 0.0173553 
6.03374 -1.02983 2.47437 0.563221 -2.18788 -2.18767 -1.05225 -2.36663 -1.44403 -0.458407 -0.198122 0.0526624 
6.1431 -0.621246 2.41691 0.638154 -2.29656 -1.62919 -1.62233 -1.85947 -1.14035 -0.690801 -0.156257 0.058607 
6.40867 -0.0628932 2.2455 1.3227 -1.98999 -1.95527 -1.04411 -1.64719 -1.1325 -0.55545 -0.242411 -0.0174446 
6.057 0.255658 1.71993 1.64336 -2.0112 -1.8674 -0.881982 -1.74111 -1.19187 -0.648187 -0.235347 -0.0165991 
6.23382 0.176076 0.369559 1.59514 -0.252635 -0.504063 0.862672 0.467705 -1.15516 -1.50952 -0.41502 0.0224623 
6.61562 -0.438148 0.40956 2.43315 -0.173484 -0.715533 1.08413 0.067015 -0.976986 -1.32976 -0.540061 -0.03597 
6.63431 -0.341842 0.385239 2.74025 -0.197333 -0.713692 1.25911 0.0864568 -0.980087 -1.3307 -0.529168 -0.0448293 
6.17059 0.31355 0.331871 2.31153 0.0277496 -0.419888 0.897922 0.0850137 -0.697616 -1.43443 -0.576973 -0.0168849 
6.2974 0.331039 0.703412 2.0952 0.011316 0.009555 0.805565 0.244276 -0.706448 -1.35153 -0.597223 -0.0217378 
3.99139 -3.16477 0.971857 3.46164 4.26879 3.21518 1.18218 1.29364 0.232076 0.219531 0.306748 0.104818 
4.20476 -3.01162 0.97183 3.59378 4.72915 2.8487 1.0604 1.46695 0.180591 0.19135 0.298236 0.103816 
4.22081 -3.13657 1.24825 3.48607 4.81834 2.71342 1.26703 1.39218 0.151998 0.303112 0.268262 0.0814801 
4.02571 -3.31174 1.40088 3.46971 4.64391 2.85249 0.951197 1.53656 0.402268 0.111691 0.258849 0.126782 
4.02718 -3.05867 1.1063 3.65834 4.71054 2.79353 0.702311 1.79223 0.408816 -0.0461887 0.248702 0.152852 
5.03109 3.43304 3.6033 3.08243 2.50547 0.195734 -0.529896 -0.498896 0.174058 -0.630428 -0.088577 -0.00300006 
4.93312 3.35992 4.42521 3.12874 2.28391 0.1995 -0.797772 -0.770691 0.575933 -0.626066 -0.203079 0.0153973 
5.23784 2.90582 4.98148 2.97803 2.57429 -0.279433 -0.545346 -0.848384 0.463727 -0.441291 -0.324637 0.0534524 
5.22803 2.84213 4.67863 3.18183 2.07578 -0.132363 -0.505952 -1.19588 0.531657 -0.52691 -0.298954 0.0579301 
4.90083 2.96807 4.39718 3.34114 1.68184 0.169708 -0.428258 -1.1534 0.144654 -0.475564 -0.135312 0.0255914 
4.28249 4.09016 3.95945 3.04231 2.34679 1.21439 0.598023 -0.243124 -0.425428 -0.0885945 0.148474 0.00130105 
4.34098 4.2927 3.91011 2.82569 2.53532 0.971523 0.722585 -0.42051 -0.365765 -0.0978818 0.118958 0.0106 
4.49987 4.71802 3.888 2.61608 3.66452 0.25256 1.0153 -0.851586 -0.467012 0.164359 -0.101244 0.037407 
4.15728 4.17807 3.72194 3.06424 2.8602 1.17063 0.901659 -0.376263 -0.451857 -0.0881791 0.177518 0.000745302 
4.21371 4.10685 3.75792 2.90285 2.7727 1.68838 0.950252 -0.312592 -0.501362 -0.239995 0.232246 -0.00129212 
5.08492 1.90854 0.666531 0.312815 -1.38245 -2.11672 -1.92791 -2.01072 -1.36614 -0.67545 0.0443471 0.0593274 
6.40219 0.179949 1.07621 1.06457 -2.10261 -2.18562 -2.47231 -2.3956 -1.11181 -0.618372 -0.222838 0.0559036 
6.91118 -0.529717 1.65106 1.70132 -1.9767 -2.48667 -2.65396 -2.27329 -1.11855 -0.412622 -0.171456 0.00713247 
6.90506 -0.205544 1.50041 1.49123 -1.26577 -2.86346 -2.04167 -1.79761 -1.23861 -0.438774 -0.0446272 0.00723866 
6.38788 0.578686 0.905594 1.60478 -1.11253 -2.35845 -1.45857 -1.38093 -1.00074 -0.430394 0.0346461 0.0476845 
6.18446 0.491975 0.27899 1.6938 -0.258208 -0.34237 0.771913 -0.299511 -0.938309 -1.43157 -0.585676 -0.0427145 
6.41651 0.452176 0.198118 1.48855 -0.381229 -0.205394 0.364044 -0.424876 -0.852401 -1.42439 -0.685426 -0.0493587 
6.49745 0.411353 0.715531 1.24054 -1.15868 0.167335 0.425282 -0.581996 -1.10979 -1.13779 -0.579779 -0.0813928 
6.71529 -0.0251429 1.8567 0.858348 -1.22391 0.079905 0.2961 -0.651804 -0.747781 -0.843507 -0.608393 -0.131767 
6.156 0.756399 1.20965 1.37916 -0.571758 -0.311269 -0.123074 -0.431033 -0.219744 -0.862366 -0.707522 -0.155332 
4.33426 -3.22786 -0.0425759 4.06656 4.68458 1.84641 2.25638 1.23754 0.117188 0.213623 0.282526 0.156914 
4.81107 -3.59292 0.240374 3.7783 5.25329 1.10387 2.52004 1.33995 -0.142773 0.329356 0.195578 0.158239 
4.58966 -3.1786 -0.022675 4.47544 4.90901 1.28141 2.23481 1.45307 0.0798155 0.0654423 0.232093 0.18029 
4.81392 -3.33599 0.331976 4.41891 4.98744 1.7375 1.66621 1.44413 0.0394363 0.157073 0.343729 0.153304 
4.23855 -2.88883 0.300008 4.55881 5.02382 1.77711 1.23933 1.33406 0.224941 0.362838 0.316721 0.11219 
5.04054 3.04543 4.13415 4.00205 1.84841 0.1372 -0.422021 -0.992274 -0.447917 -0.105052 -0.217763 -0.0933523 
5.09064 3.30146 4.03529 4.02808 1.69639 -0.016261 -0.164024 -0.856968 -0.705469 -0.127178 -0.172085 -0.0882474 
5.36089 3.22026 4.05374 4.04157 1.75577 -0.011396 0.305776 -0.795992 -0.959447 -0.0945504 -0.111765 -0.102283 
5.23148 3.20914 3.97207 3.88409 1.80487 0.036141 0.343872 -0.864766 -1.09247 -0.0317325 -0.0826979 -0.101061 
5.00349 3.30074 4.05473 3.65849 1.47954 0.315301 0.194932 -0.896948 -1.11374 -0.0470155 -0.0835661 -0.0929613 
3.91435 3.84991 3.75319 3.2255 2.49821 1.39947 0.79587 0.470381 0.301231 0.0774898 0.229443 0.0261094 
4.08279 3.87635 3.83277 3.45958 2.67893 1.32331 0.668611 0.251108 0.0837288 -0.104609 0.232384 0.0114386 
4.90776 3.99126 4.25701 3.44178 3.63266 0.575813 1.16538 0.406184 0.153381 -0.616694 0.0649916 0.0263396 
4.24105 4.00735 3.89615 3.17939 2.81289 1.41024 1.09234 0.383782 -0.0290115 -0.103662 0.233 0.0169058 
4.20424 3.93921 3.77297 3.11077 2.50371 1.58558 1.13316 0.4305 0.0472261 -0.0543774 0.256715 0.0270046 
6.20064 -0.0996033 0.481099 1.97855 -1.32111 -2.94298 -1.40926 -1.67731 -1.3041 -0.530792 0.107085 0.0358787 
7.12437 -0.880093 1.14161 1.6024 -1.60352 -2.98613 -1.24019 -1.57629 -1.53836 -0.5429 0.0387251 0.0266582 
6.83564 -0.545293 1.65771 1.2329 -1.96885 -2.55451 -1.63882 -1.74717 -1.52815 -0.660375 -0.00761312 0.0456282 
6.77179 -0.314826 1.75374 1.07655 -2.05849 -2.06312 -1.52759 -1.73599 -1.32771 -0.649162 -0.0989732 0.0419404 
6.27468 0.730592 1.05864 1.03041 -1.76119 -1.75948 -1.02441 -1.5459 -1.21232 -0.814016 -0.150607 0.0433555 
5.79568 -0.171607 2.48332 1.69354 -2.69051 0.225246 0.570492 -0.292128 -0.294835 -0.388224 -0.487052 -0.0640692 
5.96385 -0.538247 2.68687 0.816373 -3.12712 0.047726 0.398934 -0.649946 0.00715595 -0.179154 -0.564112 -0.114689 
6.04621 -0.392771 2.60244 0.984856 -2.7064 0.331898 0.365301 -0.785494 -0.224967 -0.339546 -0.518143 -0.0685748 
6.33662 -0.514369 2.8997 1.23812 -2.13872 0.167069 0.548173 -0.453398 -0.123631 -0.468753 -0.47895 -0.0158022 
6.00954 -0.273695 2.42734 1.84387 -2.28139 -0.193641 1.08874 -0.657304 -0.624254 -0.440564 -0.418994 -0.0658962 
3.88848 -2.30471 1.31763 4.08131 4.23926 3.06195 0.637132 0.803077 0.441474 0.39086 0.314427 0.114947 
4.26695 -2.52871 1.26928 4.28723 4.86609 2.65405 1.04243 0.912519 -0.00860704 0.555498 0.440973 0.0625002 
4.00989 -1.88078 0.861272 4.44688 5.15848 2.17584 1.50165 0.71563 -0.0426161 0.767703 0.363477 0.057429 
4.1793 -2.44833 0.886207 4.48953 5.03926 1.98765 1.43518 0.578769 0.0783435 0.731405 0.375207 0.0474493 
4.07297 -2.05691 0.372601 4.79156 4.66595 2.46851 1.31433 0.694255 -0.0654932 0.713797 0.399447 0.0487245 
5.32501 2.33335 3.36879 4.07196 0.904319 -0.588882 0.592635 -0.498426 -1.1201 -0.0635728 0.156785 -0.0592987 
6.02777 2.14102 3.30058 4.77596 0.911067 -1.26953 1.18017 -0.916173 -0.710068 -0.110325 0.149103 -0.0899523 
5.82759 1.9146 3.50982 4.57681 1.01468 -0.850528 1.00371 -0.869975 -0.826203 -0.0810009 0.0983341 -0.0939011 
6.08097 1.51577 3.23469 4.13919 1.17341 -0.491113 0.981914 -0.879624 -1.04786 -0.220801 0.143987 -0.0452788 
5.28874 2.37325 2.97759 3.60814 1.1517 0.3458 0.984184 -0.669704 -1.24355 -0.241916 0.201567 -0.027991 
3.77443 3.39732 3.64659 3.54782 2.66855 1.00098 0.789096 0.649643 0.540897 -0.0581762 0.255544 0.0343226 
4.09343 3.62054 4.089 4.11864 3.20007 1.04769 0.483334 1.20797 0.542391 -0.305881 0.197781 0.0307291 
4.1529 3.69773 4.0748 4.57439 3.14902 1.40582 0.794647 1.24852 1.1235 -0.310566 0.190476 0.049187 
3.69088 3.43416 3.52893 3.66031 2.78938 1.76745 1.26112 1.13076 0.86654 0.111763 0.201127 0.0422262 
3.92453 3.77325 3.76292 3.85178 2.96509 1.22763 0.766069 0.454482 0.324296 -0.164111 0.233252 0.00363819 
6.21661 0.387414 1.14515 2.18007 -1.00686 -2.21418 -0.280582 -1.88653 -1.92169 -0.41897 0.276906 -0.011507 
7.10927 -0.234916 1.80615 2.22022 -0.813872 -3.01043 -0.425187 -1.70684 -1.74795 -0.223222 0.121866 -0.0584998 
6.77205 0.0350256 2.06608 2.11781 -1.68545 -2.64085 -0.656557 -1.8039 -1.81907 -0.318963 0.147521 -0.0455121 
6.97935 -0.107882 2.06881 1.61337 -1.81969 -2.29449 -0.3131 -1.74605 -1.99574 -0.286299 0.248086 -0.0189968 
6.17757 0.583772 1.47763 2.09641 -1.45743 -2.23732 -0.454057 -1.50405 -1.5401 -0.191549 0.325602 0.0223531 
6.69743 -1.10075 -0.0639136 2.71297 0.646919 0.659568 0.84288 -0.771546 -0.785116 -0.636675 -0.395327 -0.0237494 
7.45838 -1.5999 0.0351609 2.94804 0.0812506 1.33652 0.468142 -0.604132 -0.76764 -0.554144 -0.540015 -0.0424028 
7.46655 -1.31215 -0.387048 2.83797 0.510577 1.20723 0.341609 -0.318996 -0.782576 -0.654986 -0.494155 -0.064232 
7.16036 -1.5036 -0.308178 2.37314 0.725649 1.12349 0.272096 -0.379768 -0.444544 -0.544493 -0.494418 -0.0638141 
6.64746 -0.892436 -0.434516 2.39853 0.820764 0.982478 0.662414 -0.566549 -0.400922 -0.475979 -0.386408 -0.0352505 
4.24396 -2.1702 0.0777682 3.86121 5.35051 2.06088 1.26099 1.56365 -0.137927 0.290885 0.240152 0.105951 
4.79672 -2.41516 -0.0644538 3.97715 5.58066 2.03376 1.2911 1.32076 -0.0932997 0.286763 0.29959 0.101472 
4.62494 -2.06119 -0.245214 4.1996 5.35936 2.31387 1.33 1.17699 -0.199764 0.401737 0.366963 0.100191 
4.99517 -2.53163 0.273662 3.88061 5.75791 1.77304 1.4975 1.13146 -0.144607 0.413265 0.330343 0.0962224 
4.31605 -1.96171 0.199586 3.90772 5.43196 1.66904 2.12871 1.10897 -0.424307 0.480957 0.308115 0.105788 
5.07657 2.21751 3.53089 3.9234 0.828077 0.93527 1.59465 -1.1522 -1.75956 -0.624691 0.281535 -0.055462 
5.20867 2.32549 3.48247 3.47453 1.18769 0.407904 1.86223 -1.21502 -1.79595 -0.690082 0.266953 -0.025899 
5.45248 2.21761 3.46985 3.49146 1.23816 0.148134 1.92689 -1.23103 -1.71725 -0.686491 0.245586 -0.00376522 
5.53438 2.09921 3.52651 4.16505 1.3093 -0.366478 1.66102 -1.18734 -1.35929 -0.442553 0.212047 -0.0475584 
5.06279 2.47297 3.75364 4.15505 1.14512 -0.275359 0.738253 -0.787915 -1.34083 -0.308169 0.14898 -0.0682701 
4.28515 4.06619 3.97454 3.65351 3.00588 1.19478 0.465621 -0.188131 -0.562711 -0.628962 0.108392 -0.0709337 
4.58151 4.13292 4.00688 3.90107 3.26577 0.767599 0.544952 0.040816 -0.178941 -0.925751 0.0477666 -0.0573456 
4.76997 4.18162 4.23715 3.64312 3.52765 0.72597 0.697439 -0.156575 0.149824 -0.963583 -0.0127463 -0.0473451 
4.44929 4.02981 4.33635 3.98867 2.98573 0.366506 0.434203 0.411405 -0.138614 -0.697671 0.0344042 -0.0303589 
4.20567 3.70859 4.00149 3.70545 2.37254 0.506044 0.496365 0.508422 0.0340039 -0.530357 0.169172 0.00584631 
4.9468 1.79501 1.33686 -0.0319291 -1.90258 -1.9163 -2.97399 -2.75271 -0.826711 -0.67557 -0.0772516 0.0604638 
6.1901 0.563562 0.877203 0.340189 -1.89089 -2.37148 -3.06405 -2.78663 -0.728828 -0.590906 -0.286671 0.0603665 
7.10579 -0.793157 1.60058 0.541729 -1.54117 -2.35652 -3.41587 -2.59567 -0.704133 -0.414663 -0.301874 0.0292037 
6.62717 -0.517566 1.49409 1.16516 -1.62717 -2.22953 -3.24972 -2.44193 -0.638519 -0.266291 -0.232519 0.0132705 
6.14037 0.15469 0.668802 1.50787 -1.1589 -2.58996 -2.63527 -1.84182 -0.532552 -0.110904 -0.0533555 0.0211245 
6.39009 -0.275123 0.588553 2.1572 1.37752 1.23983 -0.180983 -1.82995 -0.740504 -0.866432 -0.585666 -0.014519 
6.66038 -0.224129 0.521829 1.9115 1.56136 1.12912 -0.582654 -1.78514 -0.698559 -1.03675 -0.692219 -0.0100144 
7.00726 -0.452332 0.660076 2.18908 1.14485 0.890827 -0.10583 -1.67018 -0.900413 -0.840316 -0.665639 -0.0750364 
6.45343 -0.0349576 0.59439 2.56926 1.55695 0.820351 0.105775 -1.5861 -0.786667 -0.913871 -0.594567 -0.0622362 
6.10121 0.22088 0.225622 2.55016 1.78832 0.925533 0.107623 -1.4691 -0.645046 -0.902854 -0.537622 -0.0710985 
4.25583 -2.45804 0.75163 5.52643 4.36036 2.30471 1.38829 1.1382 0.000429566 0.55599 0.43323 0.103614 
4.48682 -2.4219 0.59783 5.68274 4.70338 1.84246 1.65532 0.972975 0.0933102 0.482307 0.422088 0.113737 
4.2803 -2.60944 1.0868 4.96569 4.6092 2.54966 1.31305 0.972337 -0.0241972 0.54848 0.470929 0.104311 
4.21531 -2.58925 1.9046 4.73778 4.72457 2.80574 1.37569 0.914154 -0.151705 0.69126 0.497384 0.0536231 
4.0766 -2.33842 1.46424 4.77452 4.8362 2.36064 1.51998 0.93227 -0.122295 0.655621 0.42649 0.0798069 
4.95477 3.0421 3.70378 4.20206 1.20938 -0.628383 0.207128 -0.818667 -0.993158 -0.191973 0.00396952 -0.0588035 
5.23191 3.02804 4.06326 4.27827 1.09617 -0.879025 0.390454 -0.88941 -1.13764 -0.0821034 -0.00044813 -0.0769835 
5.56831 2.93592 4.10875 4.18608 1.10234 -0.865606 0.479468 -0.977279 -1.23534 -0.103985 0.021994 -0.0819674 
5.42671 2.91042 4.09508 4.19798 1.11372 -0.663593 0.21151 -0.637138 -1.11475 -0.170219 0.0193536 -0.0570608 
5.035 3.08164 3.96723 4.45123 1.02739 -0.653023 0.137818 -0.684829 -0.927911 -0.127485 -0.0207515 -0.0575332 
3.82435 3.74584 3.71713 3.25227 2.9341 1.74301 1.23884 0.762175 0.228807 0.0694008 0.236557 0.0132745 
4.31836 4.13498 4.69664 3.59107 3.19534 1.75456 1.23471 0.358933 0.0360888 -0.0845001 0.119885 -0.0241117 
4.46149 4.19558 5.77164 3.17083 3.24969 1.00343 1.99923 0.41732 0.143653 -0.044511 0.0476801 0.00594654 
3.79855 3.8572 4.56011 3.36872 3.01572 1.81194 1.43824 0.742708 0.728482 0.0903401 0.190649 0.0276337 
3.66539 3.63225 4.1285 3.20166 2.81952 2.02359 1.344 0.719519 0.706914 0.163524 0.197404 0.0310139 
